#	real	user	sys
1	3.201	2.210	0.120
2	2.645	2.195	0.140
3	2.696	2.285	0.080
4	2.678	2.260	0.125
5	2.568	2.250	0.145
6	2.673	2.300	0.125
7	2.683	2.300	0.165
8	2.643	2.375	0.120
9	2.723	2.350	0.155
10	2.773	2.395	0.155
11	2.783	2.470	0.115
12	2.843	2.420	0.185
13	2.968	2.505	0.130
14	2.948	2.555	0.115
15	2.973	2.525	0.175
16	2.848	2.570	0.145
17	2.988	2.675	0.075
18	2.938	2.680	0.105
19	3.138	2.660	0.145
20	3.043	2.700	0.125
21	3.078	2.685	0.165
22	3.083	2.755	0.140
23	3.163	2.790	0.145
24	3.148	2.800	0.135
25	3.308	2.810	0.170
26	3.243	2.835	0.170
27	3.248	2.910	0.125
28	3.393	2.950	0.115
29	3.353	2.915	0.165
30	3.423	2.980	0.155
31	3.453	3.010	0.155
32	3.413	3.045	0.125
33	3.433	3.015	0.175
34	3.548	3.100	0.130
35	3.468	3.050	0.195
36	3.548	3.140	0.145
37	3.533	3.160	0.150
38	3.608	3.155	0.160
39	4.393	3.215	0.165
40	3.663	3.185	0.215
41	3.698	3.260	0.165
42	3.703	3.310	0.130
43	3.728	3.330	0.160
44	3.813	3.350	0.175
45	3.803	3.380	0.170
46	3.838	3.375	0.200
47	3.873	3.425	0.175
48	3.943	3.440	0.200
49	3.843	3.470	0.175
50	3.928	3.530	0.175
51	4.013	3.540	0.190
52	4.003	3.565	0.180
53	4.004	1.280	0.095
54	4.137	3.655	0.145
55	4.078	3.660	0.175
56	4.088	3.690	0.180
57	4.193	3.680	0.190
58	4.138	3.755	0.160
59	4.218	3.745	0.200
60	4.358	3.765	0.200
61	4.248	3.765	0.230
62	4.278	3.870	0.140
63	4.418	3.865	0.190
64	4.333	3.925	0.155
65	4.403	3.885	0.210
66	4.388	3.935	0.205
67	4.453	3.960	0.210
68	4.413	4.010	0.170
69	4.604	1.385	0.100
70	4.482	4.050	0.195
71	4.558	4.055	0.220
72	4.573	4.085	0.220
73	4.773	4.155	0.185
74	4.658	4.215	0.155
75	4.753	4.180	0.215
76	4.668	4.240	0.180
77	4.803	4.250	0.210
78	4.674	1.350	0.085
79	4.893	4.280	0.225
80	4.793	4.330	0.210
81	4.838	4.355	0.220
82	4.826	1.325	0.080
83	4.935	4.435	0.200
84	4.988	4.405	0.260
85	4.968	4.525	0.170
86	5.018	4.515	0.205
87	5.048	4.510	0.225
88	5.018	4.570	0.205
89	5.118	4.570	0.230
90	5.928	4.660	0.185
91	5.174	1.440	0.115
92	5.171	4.695	0.195
93	5.208	4.695	0.215
94	5.273	4.770	0.190
95	5.213	4.780	0.205
96	5.288	4.780	0.230
97	5.378	4.845	0.195
98	5.448	4.770	0.285
99	5.323	4.880	0.205
100	5.478	1.505	0.110
