#	real	user	sys
1	0.299	0.250	0.050
2	0.298	0.270	0.025
3	0.350	0.275	0.020
4	0.300	0.280	0.020
5	0.299	0.275	0.025
6	0.299	0.285	0.010
7	0.311	0.270	0.040
8	0.398	0.295	0.015
9	0.302	0.265	0.025
10	0.301	0.245	0.060
11	0.302	0.260	0.045
12	0.354	0.280	0.020
13	0.308	0.275	0.025
14	0.300	0.275	0.025
15	0.302	0.270	0.025
16	0.302	0.270	0.035
17	0.304	0.270	0.035
18	0.304	0.280	0.020
19	0.303	0.270	0.030
20	0.304	0.295	0.005
21	0.304	0.270	0.025
22	0.355	0.280	0.030
23	0.306	0.265	0.030
24	0.343	0.270	0.030
25	0.303	0.285	0.015
26	0.303	0.280	0.020
27	0.304	0.250	0.050
28	0.305	0.265	0.035
29	0.321	0.285	0.015
30	0.316	0.280	0.020
31	0.304	0.270	0.030
32	0.759	0.290	0.015
33	0.305	0.255	0.045
34	0.308	0.280	0.025
35	0.317	0.275	0.030
36	0.305	0.265	0.035
37	0.309	0.285	0.020
38	0.305	0.290	0.015
39	0.307	0.275	0.030
40	0.306	0.295	0.000
41	0.359	0.265	0.045
42	0.316	0.280	0.020
43	0.307	0.275	0.025
44	0.370	0.285	0.020
45	0.316	0.255	0.055
46	0.307	0.270	0.035
47	0.307	0.245	0.055
48	0.314	0.280	0.030
49	0.309	0.265	0.040
50	0.360	0.295	0.010
51	0.308	0.260	0.050
52	0.311	0.285	0.025
53	0.318	0.300	0.015
54	0.309	0.280	0.025
55	0.309	0.275	0.030
56	0.309	0.265	0.040
57	0.309	0.290	0.015
58	0.309	0.285	0.020
59	0.309	0.260	0.050
60	0.359	0.275	0.035
61	0.310	0.280	0.025
62	0.375	0.295	0.020
63	0.316	0.280	0.025
64	0.311	0.285	0.030
65	0.311	0.285	0.025
66	0.311	0.290	0.015
67	0.314	0.275	0.030
68	0.320	0.280	0.030
69	0.373	0.280	0.025
70	0.315	0.285	0.025
71	0.314	0.270	0.045
72	0.313	0.280	0.030
73	0.313	0.265	0.045
74	0.315	0.275	0.040
75	0.313	0.290	0.020
76	0.316	0.270	0.045
77	0.318	0.275	0.030
78	0.385	0.295	0.015
79	0.337	0.265	0.045
80	0.316	0.280	0.030
81	0.323	0.280	0.035
82	0.318	0.305	0.010
83	0.317	0.290	0.025
84	0.322	0.305	0.010
85	0.318	0.275	0.040
86	0.318	0.275	0.040
87	0.318	0.300	0.015
88	0.368	0.275	0.045
89	0.318	0.280	0.035
90	0.320	0.310	0.010
91	0.356	0.280	0.035
92	0.320	0.280	0.035
93	0.321	0.295	0.020
94	0.327	0.285	0.035
95	0.320	0.295	0.025
96	0.322	0.270	0.040
97	0.383	0.285	0.040
98	0.321	0.295	0.020
99	0.321	0.270	0.050
100	0.325	0.290	0.030
200	0.351	0.325	0.030
300	0.372	0.325	0.045
400	0.444	0.390	0.050
500	0.524	0.330	0.030
600	0.477	0.450	0.025
700	0.486	0.445	0.040
800	0.620	0.340	0.040
900	0.539	0.350	0.045
1000	0.550	0.335	0.070
1000	0.568	0.355	0.060
2000	0.638	0.385	0.095
3000	0.748	0.455	0.120
4000	0.788	0.495	0.140
5000	0.963	0.700	0.125
6000	0.998	0.630	0.255
7000	1.068	0.730	0.230
8000	1.128	0.750	0.290
9000	1.303	0.805	0.295
10000	1.222	0.920	0.250
10000	1.186	0.910	0.265
20000	2.058	1.280	0.585
30000	2.653	1.705	0.850
40000	3.368	2.185	1.040
50000	3.983	2.640	1.260
60000	4.753	3.025	1.570
70000	5.328	3.565	1.700
80000	6.103	3.965	1.980
90000	6.928	4.385	2.245
100000	7.388	4.785	2.465
